Hoi Hoe gaat het
00000000000000000000000000000000
00000000000000000000000000000000
00000000000000000000000000000000
009aaa09aaa09aaa09aaa08a08a00000
00aaaa0aaaa0aaaa0aaaa0aa0aa00000
00aaaa0aaaa0aaaa0aaaa00000000000
00000000000000000000000000000000
0008a08a08a08a08a008a00000000000
000aa0aa0aa0aa0aa00aa00000000000
00000000000000000000000000000000
00000000000000000000000000000000
00000000000000000000000000000000
00000000000000000000000000000000
44444444444444444444444444444000
00000000000000000000000000000000
00000000000000000000000000000000
00000000000000000000000000000000
00000000000000000000000000000000
00000000000000000000000000000000
00020000000000002000000000000000
00000000000000000000000000000000
HOERA
00000000000000000000000000000000
00000000000000000000000000000000
00000000000000000000000000000000
009aaa09aaa09aaa09aaa08a08a00000
00aaaa0aaaa0aaaa0aaaa0aa0aa00000
00aaaa0aaaa0aaaa0aaaa00000000000
00000000000000000000000000000000
0008a08a08a08a08a008a00000000000
000aa0aa0aa0aa0aa00aa00000000000
00000000000000000000000000000000
00000000000000000000000000000000
00000000000000000000000000000000
00000000000000000000000000000000
00000000000000000000000000000000
00000000000000000000000000000000
00000000000000000000000000000000
00000000000000000000000000000000
00000000000000000000000000000000
00000000000000000000000000000000
00000000000000000000000000000000
00000000000000000000000000000000
JAJAJAJAJA
00000000000000000000000000000000
00000000000000000000000000000000
00000000000000000000000000000000
009aaa09aaa09aaa09aaa08a08a00000
00aaaa0aaaa0aaaa0aaaa0aa0aa00000
00aaaa0aaaa0aaaa0aaaa00000000000
00000000000000000000000000000000
0008a08a08a08a08a008a00000000000
000aa0aa0aa0aa0aa00aa00000000000
00000000000000000000000000000000
00000000000000000000000000000000
00000000000000000000000000000000
00000000000000000000000000000000
44444444444444444444444444444000
00000000000000000000000000000000
00000000000000000000000000000000
00000000000000000000000000000000
00000000000000000000000000000000
00000000000000000000000000000000
00020000000000002000000000000000
00000000000000000000000000000000
1
00000000000000000000000000000000
00000000000000000000000000000000
00000000000000000000000000000000
00000000000000000000000000000000
000009aaa00000000000000000000000
00000aaaa00000000000000000000000
00000aaaa00000000000000000000000
00000000000000000000000000000000
00000000000000000000000000000000
00000000000000000000000000000000
00000000000000000000000000000000
00000000000000000000000000000000
00000000000000000000000000000000
00000000000000000000000000000000
00000000000000000000000000000000
00000000000000000000000000000000
00000000000000000000000000000000
00000000000000000000000000000000
00000000000000000000000000000000
00000000000000000000000000000000
00000000000000000000000000000000
2
00000000000000000000000000000000
00000000000000000000000000000000
00000000000000000000000000000000
00000000000000000000000000000000
000009aaa00000000000000000000000
00000aaaa00000000000000000000000
00000aaaa00000000000000000000000
00000000000000000000000000000000
00000000000000000000000000000000
00000000000000000000000000000000
00000000000000000000000000000000
00000000000000000000000000000000
00000000000000000000000000000000
00000000000000000000000000000000
00000000000000000000000000000000
00000000000000000000000000000000
00000000000000000000000000000000
00000000000000000000000000000000
00000000000000000000000000000000
00000000000000000000000000000000
00000000000000000000000000000000
3
00000000000000000000000000000000
00000000000000000000000000000000
00000000000000000000000000000000
00000000000000000000000000000000
000009aaa09aaa000000000000000000
00000aaaa0aaaa000000000000000000
00000aaaa0aaaa000000000000000000
00000000000000000000000000000000
00000000000000000000000000000000
00000000000000000000000000000000
00000000000000000000000000000000
00000000000000000000000000000000
00000000000000000000000000000000
00000000000000000000000000000000
00000000000000000000000000000000
00000000000000000000000000000000
00000000000000000000000000000000
00000000000000000000000000000000
00000000000000000000000000000000
00000000000000000000000000000000
00000000000000000000000000000000
4
00000000000000000000000000000000
00000000000000000000000000000000
00000000000000000000000000000000
00000000000000000000000000000000
000009aaa09aaa09aaa0000000000000
00000aaaa0aaaa0aaaa0000000000000
00000aaaa0aaaa0aaaa0000000000000
00000000000000000000000000000000
00000000000000000000000000000000
00000000000000000000000000000000
00000000000000000000000000000000
00000000000000000000000000000000
00000000000000000000000000000000
00000000000000000000000000000000
00000000000000000000000000000000
00000000000000000000000000000000
00000000000000000000000000000000
00000000000000000000000000000000
00000000000000000000000000000000
00000000000000000000000000000000
00000000000000000000000000000000
